0.028247
0.017190
0.030092
0.007395
0.007261
0.009449
0.006888
0.006474
0.004328
0.001231
0.000863
0.000654
0.000434
0.000561
0.000676
-0.000326
-0.000552
-0.000397
-0.000858
0.002501
0.006110
0.021335
0.004347
0.036414
0.000091
0.005370
0.000003
0.005571
0.000172
0.004760
-0.000485
0.000576
-0.000446
0.000133
0.000607
-0.000602
-0.000420
0.006176
0.002871
0.015271
0.000397
0.023751
0.000599
0.004526
0.000547
0.005427
-0.000284
0.003859
-0.000257
0.000855
0.000536
-0.000753
0.000425
-0.000282
0.000889
0.001026
0.007684
0.010455
0.023362
0.025817
-0.000345
-0.000447
0.000409
0.000698
0.005070
0.008205
-0.000759
0.000781
0.000541
-0.000372
0.019228
0.006666
0.000290
0.000560
-0.000414
0.019922
0.004830
0.004125
0.000133
-0.000270
-0.000653
0.003464
0.000354
-0.000289
0.000428
0.000899
0.005937
-0.000226
0.000359
0.008687
0.035961
0.000814
0.004309
-0.000678
-0.000366
0.007685
-0.000571
0.000455
0.000867
-0.000508
0.021988
0.000379
0.007267
-0.000592
0.020888
-0.000678
0.006084
0.001011
0.000351
0.008663
-0.000257
0.001124
0.000988
0.032796
-0.000414
0.007262
-0.000722
0.020600
0.000530
0.009411
0.000762
-0.000602
0.004473
0.000759
0.004333
0.000442
-0.000772
0.003045
-0.000213
0.016107
0.005437
-0.000447
0.005150
0.000335
0.000543
-0.000759
0.000398
-0.000410
0.004446
0.004062
0.028407
-0.000414
0.000620
0.003764
0.000599
0.009662
0.020350
0.000679
0.000472
-0.000284
0.024904
0.006723
0.001009
0.008439
0.000681
0.020682
-0.000566
0.000875
0.038626
0.000379
0.005146
0.007873
-0.000221
0.003760
0.000597
0.003607
0.022300
0.000624
0.006603
0.000367
0.006011
0.004964
0.000563
0.015014
0.005175
0.022547
0.000053
0.029097
0.003536
0.005818
0.000528
0.009849
0.020087
0.008191
0.003990
0.004467
0.020035
0.006765
0.039162
0.024256
