2.88243937
2.83047485
2.72838998
4.44447374
4.47632790
4.36802101
4.35877657
4.38398361
4.51960421
6.22620583
6.27289057
6.33152151
6.38143539
6.22953606
6.16850948
7.20822096
7.14152050
7.29182386
7.61751318
4.72998571
4.50569344
2.72915912
4.61421919
2.63293242
6.38928604
4.49953651
6.53862286
4.42720270
6.40048504
4.46472311
7.47456455
6.34256506
7.24242401
6.41189098
6.32690334
7.92860174
7.26434278
4.53756189
4.62596893
2.83043146
6.34630156
2.65932775
6.39452219
4.57594585
6.38706350
4.52808523
7.38772154
4.60993385
7.33172178
6.26149988
6.38283205
7.77347040
6.47608280
7.20827436
6.27769184
6.28836870
4.34215307
4.43018246
2.59383202
2.83499575
7.05320406
7.14504337
6.28930044
6.32572412
4.29748297
4.33655500
7.70229244
6.18418264
6.37061930
7.07335186
2.88399100
4.35448456
6.33954000
6.37114382
7.39954615
2.84559989
4.59359741
4.49466133
6.58928394
7.33469296
7.74919701
4.60432339
6.36593151
7.42499161
6.41637659
6.23052740
4.38313437
7.25279617
6.39294958
4.45573664
2.73529220
6.32451630
4.58390331
7.78145695
7.10614014
4.38861799
7.14106369
6.35586596
6.20331573
7.09243631
2.83105254
6.35148430
4.31866741
7.08574581
2.79534221
7.73081207
4.43739986
6.23463869
6.31472492
4.47660875
7.24300146
6.27688360
6.26715040
2.81697178
7.11880302
4.44625950
7.74643373
2.84600592
6.34188604
4.38795042
6.28702211
7.12969303
4.61430073
6.19424725
4.49099636
6.30092573
7.73198843
4.64679575
7.28639507
2.72262621
4.45803070
7.38143873
4.58033609
6.45455265
6.38516188
7.73768282
6.35645342
7.37530041
4.48605299
4.47226429
2.65461016
7.32682228
6.29881287
4.59325933
6.25445890
4.40475368
2.64235806
6.36779547
6.30246544
7.08257914
2.79655862
4.35431147
6.27562904
4.42892742
6.26089907
2.87856293
7.26894808
6.19038153
2.62712646
6.15665293
4.45363474
4.30067492
7.32449102
4.60228348
6.35937595
4.54338312
2.83728361
6.39121723
4.54324102
6.39169836
4.32591963
4.51538944
6.21773386
2.73040771
4.31339741
2.83622408
6.53245497
2.87957430
4.64395571
4.61319971
6.32730913
4.41015911
2.82524562
4.37989902
4.49874878
4.49712896
2.82050991
4.37088108
2.73751760
2.59469295
